log_likelihood
-22.495586327322137
-22.495586327322137
-21.485071968305622
-22.331608458561043
-22.15115239410291
-21.806718460883683
-22.495586327322137
-21.806718460883683
-21.829505901524847
-22.15115239410291
-22.495586327322137
-21.806718460883683
-22.15115239410291
-22.15115239410291
-22.009961965982978
-21.806718460883683
-22.173939834744075
-22.5183737679633
-21.987174525341814
-22.15115239410291
-22.354395899202206
-22.009961965982978
-22.676042391780268
-21.485071968305622
-22.862807701182525
-22.354395899202206
-21.829505901524847
-21.829505901524847
-22.69882983242143
-22.009961965982978
-23.020476324999493
-21.829505901524847
-21.829505901524847
-21.806718460883683
-22.009961965982978
-22.009961965982978
-21.140638035086397
-23.043263765640656
-22.5183737679633
-21.485071968305622
-22.354395899202206
-22.173939834744075
-22.009961965982978
-21.140638035086397
-23.020476324999493
-22.5183737679633
-21.987174525341814
-21.829505901524847
-21.829505901524847
-22.676042391780268
-22.5183737679633
-22.173939834744075
-22.009961965982978
-22.69882983242143
-22.15115239410291
-22.354395899202206
-21.987174525341814
-21.829505901524847
-22.15115239410291
-21.46228452766446
-22.173939834744075
-22.15115239410291
-22.331608458561043
-22.009961965982978
-21.829505901524847
-22.009961965982978
-22.173939834744075
-22.15115239410291
-21.829505901524847
-21.806718460883683
-21.987174525341814
-21.806718460883683
-23.020476324999493
-21.829505901524847
-22.173939834744075
-21.46228452766446
-21.829505901524847
-22.009961965982978
-22.15115239410291
-22.676042391780268
-21.485071968305622
-22.5183737679633
-22.15115239410291
-22.676042391780268
-22.173939834744075
-22.676042391780268
-21.485071968305622
-22.331608458561043
-22.173939834744075
-21.829505901524847
-22.354395899202206
-21.829505901524847
-22.354395899202206
-22.009961965982978
-22.173939834744075
-21.829505901524847
-22.009961965982978
-22.15115239410291
-22.173939834744075
-21.829505901524847
-22.354395899202206
-22.331608458561043
-21.485071968305622
-22.676042391780268
-22.15115239410291
-21.987174525341814
-21.806718460883683
-21.829505901524847
-21.46228452766446
-21.485071968305622
-22.5183737679633
-22.173939834744075
-22.69882983242143
-22.495586327322137
-22.5183737679633
-22.495586327322137
-22.331608458561043
-22.15115239410291
-22.15115239410291
-22.495586327322137
-21.485071968305622
-22.173939834744075
-22.173939834744075
-22.495586327322137
-21.829505901524847
-22.15115239410291
-21.806718460883683
-22.5183737679633
-22.009961965982978
-22.354395899202206
-22.69882983242143
-22.495586327322137
-22.354395899202206
-22.173939834744075
-21.829505901524847
-21.987174525341814
-21.485071968305622
-21.829505901524847
-22.173939834744075
-21.665528032763753
-22.331608458561043
-22.15115239410291
-21.829505901524847
-22.69882983242143
-21.829505901524847
-22.354395899202206
-21.64274059212259
-22.15115239410291
-22.15115239410291
-21.829505901524847
-21.46228452766446
-22.173939834744075
-21.829505901524847
-22.495586327322137
-22.331608458561043
-21.140638035086397
-22.009961965982978
-22.173939834744075
-22.15115239410291
-21.665528032763753
-22.676042391780268
-21.829505901524847
-21.485071968305622
-21.46228452766446
-21.829505901524847
-21.829505901524847
-21.806718460883683
-21.987174525341814
-21.829505901524847
-21.485071968305622
-22.354395899202206
-22.354395899202206
-22.840020260541362
-21.987174525341814
-22.173939834744075
-22.331608458561043
-22.173939834744075
-21.485071968305622
-21.806718460883683
-21.806718460883683
-22.495586327322137
-21.485071968305622
-21.64274059212259
-22.009961965982978
-22.173939834744075
-22.354395899202206
-21.806718460883683
-22.495586327322137
-22.676042391780268
-22.354395899202206
-22.173939834744075
-22.331608458561043
-22.354395899202206
-21.829505901524847
-21.806718460883683
-22.009961965982978
-21.829505901524847
-21.485071968305622
-22.676042391780268
-21.987174525341814
