log_likelihood
-34.06190363821591
-33.43020489524608
-36.31523220730128
-41.00796208655359
-40.9691270944587
-35.87524380698204
-32.932800569364325
-28.042726812969345
-27.506595329763496
-34.45802725922052
-38.1001093254168
-37.213416483161396
-39.99211614859842
-41.69661448729516
-31.67366428544286
-29.64130729537211
-36.58097641480785
-35.75707326638478
-41.690890272553624
-31.053257850111684
-32.040592132684154
-24.388311722248773
-32.92234011502792
-32.96754543180455
-33.204273345839866
-44.390957419281094
-36.705338086945254
-38.69784441047522
-29.01308889656508
-34.101813534795404
-31.46003838692937
-29.94561650013883
-35.37300413232164
-33.294954147564574
-25.897555955572766
-40.335443727122275
-33.39013922349557
-34.42387149405985
-34.02337915392472
-28.426808739696458
-30.335722206446107
-35.46250504599289
-29.72017058460096
-28.770442637503375
-34.029474956207565
-32.14294756870919
-39.93006307161905
-38.010032270964444
-33.24974883078795
-40.46061822733596
-33.000852383484116
-30.216254939789348
-27.115708418927426
-41.0643900579752
-34.53594031559842
-33.751832383603926
-37.25241195132814
-37.17341171781179
-31.419991546062374
-42.234203058818586
-36.783050146652435
-31.610232354404832
-39.031914954500465
-36.242853749568354
-36.4003662515409
-43.205274324240435
-36.19151664510406
-37.224945110416044
-33.77463882846531
-29.234176658756095
-37.428188788852054
-33.44175067702204
-33.174334722661584
-27.523348047859415
-35.072496058154634
-38.67705857538525
-33.70136309684096
-35.774254605688405
-33.51530093104528
-33.88735765368432
-29.54581014908897
-37.75406252870899
-26.75610485725228
-35.49185474522832
-37.43954432070758
-36.07799778447274
-38.87387676617779
-31.181984174302645
-35.31609691192464
-43.08005338665203
-42.690652673650234
-39.3659074376035
-34.745262468459245
-34.84242997238454
-27.828260826561774
-33.49253249462433
-31.414461482611436
-39.78924220800483
-34.35672755012317
-41.44325427875398
-35.8691480046992
-37.92452661817775
-43.63984436861402
-35.10161174796014
-43.1709116456332
-39.421923769002014
-32.95592158910637
-36.891752836062025
-30.94592341846908
-38.726316186712836
-38.90782780476194
-32.10258632629822
-36.81855516535988
-31.96772804108289
-28.218115081767337
-30.39216918208793
-29.441902929312946
-29.873218864848994
-36.089106219453996
-36.56354408488969
-39.12825264916486
-38.698213974980916
-30.22881639601121
-39.838930290239006
-39.27471559952145
-37.77197863516669
-29.702851840522662
-37.27545240561945
-34.32872257687038
-27.217282650423662
-36.54130116148216
-35.39470422248765
-30.928252551556863
-35.98263758247711
-34.34422561109047
-37.74467663218378
-43.63445170993778
-33.65535774465202
-40.5171602450846
-32.67881732218014
-32.69588054807976
-38.382859746162374
-25.19604903247741
-31.827181699867552
-30.211791178552005
-40.77661654305909
-29.008145713015637
-31.905616080738234
-40.35898493913772
-44.48047716383584
-36.095590590462756
-38.687677482757906
-30.273650125246526
-28.30272158995794
-35.85274786992438
-40.624340577918375
-35.96072841150716
-43.69586070001255
-28.52888965332261
-43.002049823361354
-40.297009923080566
-33.93232443346688
-36.29246377088032
-35.914997408380415
-31.171876303287334
-40.66430935786316
-41.765329392539755
-37.28705724409741
-31.951327906308062
-37.326076078341714
-47.0622427424544
-34.289182418133294
-32.43706833700986
-33.88101912588678
-35.93760739176512
-42.22746316963115
-29.17146049065193
-33.0296385612657
-38.303722395021815
-33.79127547719859
-29.990553506072807
-34.1979186092416
-30.708258351397248
-31.82124201942913
-26.29191059124437
-34.39669633006796
-37.69947131540716
-33.232842013883214
-39.96264787547182
-37.1637112464059
-40.91724094519663
-36.95982365440202
-38.36610905110205
-32.476236908205635
-29.211914731128353
-32.04688439644367
-31.780806783172917
-32.62823835094746
-34.34510370742499
-42.52723647664409
