log_likelihood
-32.77557956819878
-33.611400085939124
-32.77557956819878
-31.939759050458434
-33.611400085939124
-32.77557956819878
-33.81464359103842
-31.939759050458434
-31.939759050458434
-33.611400085939124
-32.572336063099485
-33.81464359103842
-32.978823073298074
-33.611400085939124
-33.40815658083983
-32.572336063099485
-32.572336063099485
-31.939759050458434
-31.330028535160544
-32.978823073298074
-33.81464359103842
-34.65046410877876
-32.77557956819878
-34.44722060367947
-34.65046410877876
-32.77557956819878
-33.81464359103842
-34.01788709613771
-33.611400085939124
-33.40815658083983
-32.978823073298074
-34.65046410877876
-33.81464359103842
-32.77557956819878
-34.01788709613771
-32.978823073298074
-34.853707613878065
-32.978823073298074
-31.736515545359133
-32.36909255800018
-32.36909255800018
-35.486284626519115
-32.978823073298074
-34.65046410877876
-33.81464359103842
-32.77557956819878
-32.978823073298074
-33.40815658083983
-32.978823073298074
-33.40815658083983
-32.978823073298074
-32.77557956819878
-34.65046410877876
-32.978823073298074
-32.36909255800018
-33.81464359103842
-33.611400085939124
-33.81464359103842
-32.978823073298074
-33.611400085939124
-33.81464359103842
-32.978823073298074
-33.81464359103842
-32.572336063099485
-32.572336063099485
-33.81464359103842
-34.65046410877876
-32.978823073298074
-31.53327204025984
-31.53327204025984
-32.978823073298074
-31.53327204025984
-32.978823073298074
-34.44722060367947
-33.81464359103842
-34.44722060367947
-32.77557956819878
-33.81464359103842
-34.853707613878065
-31.939759050458434
-32.572336063099485
-32.572336063099485
-33.611400085939124
-34.01788709613771
-33.611400085939124
-30.4942080174202
-32.572336063099485
-33.611400085939124
-33.81464359103842
-32.572336063099485
-34.01788709613771
-32.978823073298074
-33.81464359103842
-31.939759050458434
-33.40815658083983
-32.978823073298074
-32.572336063099485
-30.4942080174202
-32.572336063099485
-33.611400085939124
-32.572336063099485
-31.53327204025984
-33.81464359103842
-33.81464359103842
-31.53327204025984
-32.572336063099485
-32.978823073298074
-33.611400085939124
-34.01788709613771
-32.572336063099485
-34.44722060367947
-33.81464359103842
-34.853707613878065
-33.81464359103842
-33.40815658083983
-32.978823073298074
-34.65046410877876
-33.611400085939124
-32.36909255800018
-33.40815658083983
-33.40815658083983
-33.81464359103842
-33.81464359103842
-32.572336063099485
-34.44722060367947
-32.978823073298074
-32.572336063099485
-33.611400085939124
-34.44722060367947
-34.44722060367947
-33.611400085939124
-33.81464359103842
-34.853707613878065
-32.77557956819878
-32.572336063099485
-32.978823073298074
-32.77557956819878
-32.572336063099485
-31.939759050458434
-32.978823073298074
-33.611400085939124
-32.36909255800018
-32.77557956819878
-31.736515545359133
-34.01788709613771
-33.40815658083983
-31.736515545359133
-31.939759050458434
-34.65046410877876
-32.77557956819878
-34.65046410877876
-32.77557956819878
-34.01788709613771
-31.736515545359133
-32.978823073298074
-32.978823073298074
-33.611400085939124
-32.978823073298074
-33.81464359103842
-34.01788709613771
-31.736515545359133
-34.01788709613771
-34.01788709613771
-32.978823073298074
-31.53327204025984
-33.40815658083983
-31.53327204025984
-32.978823073298074
-32.978823073298074
-34.01788709613771
-34.01788709613771
-32.77557956819878
-33.40815658083983
-32.978823073298074
-32.572336063099485
-34.853707613878065
-32.77557956819878
-33.611400085939124
-32.978823073298074
-33.81464359103842
-34.853707613878065
-34.853707613878065
-32.77557956819878
-33.81464359103842
-32.36909255800018
-34.65046410877876
-31.939759050458434
-34.01788709613771
-35.892771636717704
-33.81464359103842
-33.40815658083983
-34.853707613878065
-32.77557956819878
-33.40815658083983
-33.81464359103842
-32.77557956819878
-32.77557956819878
-33.611400085939124
-33.81464359103842
-31.53327204025984
