log_likelihood
-31.064011831067177
-31.526770690842955
-35.46908630880737
-40.493944183235726
-29.871540733102172
-31.482844831790747
-43.9723208800342
-31.65130546600939
-37.78838498149774
-32.623833646412116
-31.199262578748684
-33.50858021941476
-37.17991491970406
-38.957826394799824
-33.89937006510841
-31.84816166524235
-40.11537146604044
-29.653594229195082
-34.09145014560142
-32.66750398728566
-35.06287382100767
-33.44084280683894
-33.57780163345256
-35.77281669492774
-35.247656529078924
-30.7243541899246
-31.04753363537014
-34.835612195611596
-33.881084394145006
-31.54842451697094
-44.65534613117665
-36.09482654045527
-32.78630833615432
-32.31072406354145
-32.182232209267596
-29.261524925777024
-42.32227850771975
-38.10533324292137
-31.646022665139533
-25.309675727879522
-41.51528856109435
-43.23242020537892
-33.6397576452895
-26.56766762765943
-38.85623518211897
-28.635335219002318
-31.871204624062187
-38.325464560705186
-40.03563036762755
-34.51225762410142
-37.27401449485878
-32.99041093336792
-36.15641919934275
-38.66967710382176
-39.42149514779432
-34.80318334026654
-41.57282086417574
-26.257472048087216
-39.1446717881599
-27.714771075447157
-39.47829268372163
-33.79727014726205
-33.276512528093456
-36.64735815843595
-36.389105588455486
-38.03726242458137
-35.55347937433669
-37.2022359040338
-31.45996032600716
-40.11503990997516
-28.697310235059472
-38.16579246063237
-36.68124392876187
-26.772427104441594
-32.555137745387746
-29.714386852670252
-31.566483952609076
-33.78502122187949
-34.85199332616621
-35.180202077338535
-28.008697886799688
-39.681202609720046
-32.71909660992863
-31.72930920263677
-30.028905060671665
-39.760067461497314
-38.376939069944164
-35.05646751092111
-35.05009735957609
-40.64152191722199
-34.73242695032567
-30.594887174173802
-31.28994571166521
-34.63714480925224
-34.94437376838648
-31.40279137587524
-33.97221717552506
-32.6443639633234
-48.580191237445774
-41.93994284170188
-38.22773131794799
-27.657448199843124
-37.42738858010304
-34.101813361458696
-33.87658262446725
-29.8331721973187
-32.12490713729126
-31.85905074078645
-34.57076508865975
-29.81480846543309
-39.21877732904514
-39.57906670646886
-34.63832737517094
-30.0477352488687
-42.69004457215048
-38.46813090802621
-38.91343390609948
-41.2120838613241
-32.95484703129518
-32.27939971319289
-36.05591331410146
-36.81863322628209
-38.36909502243366
-41.46619784123956
-28.71008669649104
-33.18647330874481
-34.220682978585586
-33.841371132378896
-37.416642833739374
-35.40500453979569
-43.14245904695249
-42.2614732649173
-37.88428582036261
-31.239516477384026
-36.16191125435325
-39.109633399100574
-37.85645579983775
-31.37912583889956
-33.57772357253035
-35.056133931820234
-30.979384756107926
-33.485714717851394
-42.329485026555304
-28.133663132872723
-42.962002982494354
-39.51755832005982
-36.3545360254166
-36.823409518358744
-37.78990095318062
-36.95866026604025
-28.788560956506807
-38.03795918329501
-38.505783507539114
-31.984497740363423
-39.58356847614662
-34.2191900781999
-39.759989400575115
-40.59031786330495
-34.83569008319711
-34.57715239452609
-41.070893433204176
-34.93843408794805
-35.5705824793814
-35.94345000706112
-31.8036912889565
-31.062770381783192
-35.65342139145072
-35.51863744675404
-36.83420152876042
-34.26516632087212
-28.34530660339192
-38.88831968873477
-40.6578249868544
-40.8610874961739
-35.34492109814664
-33.89307982438449
-37.05951032667408
-34.76851653874853
-32.849123613442266
-42.4538276944725
-36.13444458677786
-29.92870968323409
-35.65612614060852
-31.109586712349508
-40.30772589559564
-33.9782518980703
-33.5608758123276
-42.097805903959916
-32.974029802813305
-35.61010161086267
-37.03658594174541
-40.45460048597532
-29.104305777086875
-33.779396116321735
-44.20320617877352
-28.070750963779048
-32.04698146158609
-30.928605134877948
-35.807132936160265
-34.26992360872856
